/*--------------------------------*- C++ -*----------------------------------*\
| =========                 |                                                 |
| \\      /  F ield         | OpenFOAM: The Open Source CFD Toolbox           |
|  \\    /   O peration     | Version:  2412                                  |
|   \\  /    A nd           | Website:  www.openfoam.com                      |
|    \\/     M anipulation  |                                                 |
\*---------------------------------------------------------------------------*/
FoamFile
{
    version     2.0;
    format      ascii;
    arch        "LSB;label=32;scalar=64";
    note        "nPoints:11218  nCells:5360  nFaces:21688  nInternalFaces:10472";
    class       labelList;
    location    "constant/polyMesh";
    object      neighbour;
}
// * * * * * * * * * * * * * * * * * * * * * * * * * * * * * * * * * * * * * //


10472
(
1
20
2
21
3
22
4
23
5
24
6
25
7
26
8
27
9
28
10
29
11
30
12
31
13
32
14
33
15
34
16
35
17
36
18
37
19
38
39
21
40
22
41
23
42
24
43
25
44
26
45
27
46
28
47
29
48
30
49
31
50
32
51
33
52
34
53
35
54
36
55
37
56
38
57
39
58
59
41
60
42
61
43
62
44
63
45
64
46
65
47
66
48
67
49
68
50
69
51
70
52
71
53
72
54
73
55
74
56
75
57
76
58
77
59
78
79
61
80
62
81
63
82
64
83
65
84
66
85
67
86
68
87
69
88
70
89
71
90
72
91
73
92
74
93
75
94
76
95
77
96
78
97
79
98
99
81
100
82
101
83
102
84
103
85
104
86
105
87
106
88
107
89
108
90
109
91
110
92
111
93
112
94
113
95
114
96
115
97
116
98
117
99
118
119
101
120
102
121
103
122
104
123
105
124
106
125
107
126
108
127
109
128
110
129
111
130
112
131
113
132
114
133
115
134
116
135
117
136
118
137
119
138
139
121
140
122
141
123
142
124
143
125
144
126
145
127
146
128
147
129
148
130
149
131
150
132
151
133
152
134
153
135
154
136
155
137
156
138
157
139
158
159
141
160
142
161
143
162
144
163
145
164
146
165
147
166
148
167
149
168
150
169
151
170
152
171
153
172
154
173
155
174
156
175
157
176
158
177
159
178
179
161
180
162
181
163
182
164
183
165
184
166
185
167
186
168
187
169
188
170
189
171
190
172
191
173
192
174
193
175
194
176
195
177
196
178
197
179
198
199
181
200
182
201
183
202
184
203
185
204
186
205
187
206
188
207
189
208
190
209
191
210
192
211
193
212
194
213
195
214
196
215
197
216
198
217
199
218
219
201
220
202
221
203
222
204
223
205
224
206
225
207
226
208
227
209
228
210
229
211
230
212
231
213
232
214
233
215
234
216
235
217
236
218
237
219
238
239
221
240
222
241
223
242
224
243
225
244
226
245
227
246
228
247
229
248
230
249
231
250
232
251
233
252
234
253
235
254
236
255
237
256
238
257
239
258
259
241
260
242
261
243
262
244
263
245
264
246
265
247
266
248
267
249
268
250
269
251
270
252
271
253
272
254
273
255
274
256
275
257
276
258
277
259
278
279
261
280
262
281
263
282
264
283
265
284
266
285
267
286
268
287
269
288
270
289
271
290
272
291
273
292
274
293
275
294
276
295
277
296
278
297
279
298
299
281
300
282
301
283
302
284
303
285
304
286
305
287
306
288
307
289
308
290
309
291
310
292
311
293
312
294
313
295
314
296
315
297
316
298
317
299
318
319
301
320
302
321
303
322
304
323
305
324
306
325
307
326
308
327
309
328
310
329
311
330
312
331
313
332
314
333
315
334
316
335
317
336
318
337
319
338
339
321
340
322
341
323
342
324
343
325
344
326
345
327
346
328
347
329
348
330
349
331
350
332
351
333
352
334
353
335
354
336
355
337
356
338
357
339
358
359
341
360
342
361
343
362
344
363
345
364
346
365
347
366
348
367
349
368
350
369
351
370
352
371
353
372
354
373
355
374
356
375
357
376
358
377
359
378
379
361
380
362
381
363
382
364
383
365
384
366
385
367
386
368
387
369
388
370
389
371
390
372
391
373
392
374
393
375
394
376
395
377
396
378
397
379
398
399
381
400
382
401
383
402
384
403
385
404
386
405
387
406
388
407
389
408
390
409
391
410
392
411
393
412
394
413
395
414
396
415
397
416
398
417
399
418
419
401
420
402
421
403
422
404
423
405
424
406
425
407
426
408
427
409
428
410
429
411
430
412
431
413
432
414
433
415
434
416
435
417
436
418
437
419
438
439
421
440
422
441
423
442
424
443
425
444
426
445
427
446
428
447
429
448
430
449
431
450
432
451
433
452
434
453
435
454
436
455
437
456
438
457
439
458
459
441
460
442
461
443
462
444
463
445
464
446
465
447
466
448
467
449
468
450
469
451
470
452
471
453
472
454
473
455
474
456
475
457
476
458
477
459
478
479
461
480
462
481
463
482
464
483
465
484
466
485
467
486
468
487
469
488
470
489
471
490
472
491
473
492
474
493
475
494
476
495
477
496
478
497
479
498
499
481
500
482
501
483
502
484
503
485
504
486
505
487
506
488
507
489
508
490
509
491
510
492
511
493
512
494
513
495
514
496
515
497
516
498
517
499
518
519
501
520
502
521
503
522
504
523
505
524
506
525
507
526
508
527
509
528
510
529
511
530
512
531
513
532
514
533
515
534
516
535
517
536
518
537
519
538
539
521
540
522
541
523
542
524
543
525
544
526
545
527
546
528
547
529
548
530
549
531
550
532
551
533
552
534
553
535
554
536
555
537
556
538
557
539
558
559
541
560
542
561
543
562
544
563
545
564
546
565
547
566
548
567
549
568
550
569
551
570
552
571
553
572
554
573
555
574
556
575
557
576
558
577
559
578
579
561
580
562
581
563
582
564
583
565
584
566
585
567
586
568
587
569
588
570
589
571
590
572
591
573
592
574
593
575
594
576
595
577
596
578
597
579
598
599
581
600
582
601
583
602
584
603
585
604
586
605
587
606
588
607
589
608
590
609
591
610
592
611
593
612
594
613
595
614
596
615
597
616
598
617
599
618
619
601
620
602
621
603
622
604
623
605
624
606
625
607
626
608
627
609
628
610
629
611
630
612
631
613
632
614
633
615
634
616
635
617
636
618
637
619
638
639
621
640
622
641
623
642
624
643
625
644
626
645
627
646
628
647
629
648
630
649
631
650
632
651
633
652
634
653
635
654
636
655
637
656
638
657
639
658
659
641
660
642
661
643
662
644
663
645
664
646
665
647
666
648
667
649
668
650
669
651
670
652
671
653
672
654
673
655
674
656
675
657
676
658
677
659
678
679
661
680
662
681
663
682
664
683
665
684
666
685
667
686
668
687
669
688
670
689
671
690
672
691
673
692
674
693
675
694
676
695
677
696
678
697
679
698
699
681
700
682
701
683
702
684
703
685
704
686
705
687
706
688
707
689
708
690
709
691
710
692
711
693
712
694
713
695
714
696
715
697
716
698
717
699
718
719
701
720
702
721
703
722
704
723
705
724
706
725
707
726
708
727
709
728
710
729
711
730
712
731
713
732
714
733
715
734
716
735
717
736
718
737
719
738
739
721
740
722
741
723
742
724
743
725
744
726
745
727
746
728
747
729
748
730
749
731
750
732
751
733
752
734
753
735
754
736
755
737
756
738
757
739
758
759
741
760
742
761
743
762
744
763
745
764
746
765
747
766
748
767
749
768
750
769
751
770
752
771
753
772
754
773
755
774
756
775
757
776
758
777
759
778
779
761
780
762
781
763
782
764
783
765
784
766
785
767
786
768
787
769
788
770
789
771
790
772
791
773
792
774
793
775
794
776
795
777
796
778
797
779
798
799
781
800
782
801
783
802
784
803
785
804
786
805
787
806
788
807
789
808
790
809
791
810
792
811
793
812
794
813
795
814
796
815
797
816
798
817
799
818
819
801
820
802
821
803
822
804
823
805
824
806
825
807
826
808
827
809
828
810
829
811
830
812
831
813
832
814
833
815
834
816
835
817
836
818
837
819
838
839
821
840
822
841
823
842
824
843
825
844
826
845
827
846
828
847
829
848
830
849
831
850
832
851
833
852
834
853
835
854
836
855
837
856
838
857
839
858
859
841
860
842
861
843
862
844
863
845
864
846
865
847
866
848
867
849
868
850
869
851
870
852
871
853
872
854
873
855
874
856
875
857
876
858
877
859
878
879
861
880
862
881
863
882
864
883
865
884
866
885
867
886
868
887
869
888
870
889
871
890
872
891
873
892
874
893
875
894
876
895
877
896
878
897
879
898
899
881
900
882
901
883
902
884
903
885
904
886
905
887
906
888
907
889
908
890
909
891
910
892
911
893
912
894
913
895
914
896
915
897
916
898
917
899
918
919
901
920
902
921
903
922
904
923
905
924
906
925
907
926
908
927
909
928
910
929
911
930
912
931
913
932
914
933
915
934
916
935
917
936
918
937
919
938
939
921
940
922
941
923
942
924
943
925
944
926
945
927
946
928
947
929
948
930
949
931
950
932
951
933
952
934
953
935
954
936
955
937
956
938
957
939
958
959
941
960
942
961
943
962
944
963
945
964
946
965
947
966
948
967
949
968
950
969
951
970
952
971
953
972
954
973
955
974
956
975
957
976
958
977
959
978
979
961
980
962
981
963
982
964
983
965
984
966
985
967
986
968
987
969
988
970
989
971
990
972
991
973
992
974
993
975
994
976
995
977
996
978
997
979
998
999
1760
981
1000
982
1001
983
1002
984
1003
985
1004
986
1005
987
1006
988
1007
989
1008
990
1009
991
1010
992
1011
993
1012
994
1013
995
1014
996
1015
997
1016
998
1017
999
1018
1019
1800
1001
1020
1002
1021
1003
1022
1004
1023
1005
1024
1006
1025
1007
1026
1008
1027
1009
1028
1010
1029
1011
1030
1012
1031
1013
1032
1014
1033
1015
1034
1016
1035
1017
1036
1018
1037
1019
1038
1039
1840
1021
1040
1022
1041
1023
1042
1024
1043
1025
1044
1026
1045
1027
1046
1028
1047
1029
1048
1030
1049
1031
1050
1032
1051
1033
1052
1034
1053
1035
1054
1036
1055
1037
1056
1038
1057
1039
1058
1059
1880
1041
1060
1042
1061
1043
1062
1044
1063
1045
1064
1046
1065
1047
1066
1048
1067
1049
1068
1050
1069
1051
1070
1052
1071
1053
1072
1054
1073
1055
1074
1056
1075
1057
1076
1058
1077
1059
1078
1079
1920
1061
1080
1062
1081
1063
1082
1064
1083
1065
1084
1066
1085
1067
1086
1068
1087
1069
1088
1070
1089
1071
1090
1072
1091
1073
1092
1074
1093
1075
1094
1076
1095
1077
1096
1078
1097
1079
1098
1099
1960
1081
1100
1082
1101
1083
1102
1084
1103
1085
1104
1086
1105
1087
1106
1088
1107
1089
1108
1090
1109
1091
1110
1092
1111
1093
1112
1094
1113
1095
1114
1096
1115
1097
1116
1098
1117
1099
1118
1119
2000
1101
1120
1102
1121
1103
1122
1104
1123
1105
1124
1106
1125
1107
1126
1108
1127
1109
1128
1110
1129
1111
1130
1112
1131
1113
1132
1114
1133
1115
1134
1116
1135
1117
1136
1118
1137
1119
1138
1139
2040
1121
1140
1122
1141
1123
1142
1124
1143
1125
1144
1126
1145
1127
1146
1128
1147
1129
1148
1130
1149
1131
1150
1132
1151
1133
1152
1134
1153
1135
1154
1136
1155
1137
1156
1138
1157
1139
1158
1159
2080
1141
1160
1142
1161
1143
1162
1144
1163
1145
1164
1146
1165
1147
1166
1148
1167
1149
1168
1150
1169
1151
1170
1152
1171
1153
1172
1154
1173
1155
1174
1156
1175
1157
1176
1158
1177
1159
1178
1179
2120
1161
1180
1162
1181
1163
1182
1164
1183
1165
1184
1166
1185
1167
1186
1168
1187
1169
1188
1170
1189
1171
1190
1172
1191
1173
1192
1174
1193
1175
1194
1176
1195
1177
1196
1178
1197
1179
1198
1199
2160
1181
1200
1182
1201
1183
1202
1184
1203
1185
1204
1186
1205
1187
1206
1188
1207
1189
1208
1190
1209
1191
1210
1192
1211
1193
1212
1194
1213
1195
1214
1196
1215
1197
1216
1198
1217
1199
1218
1219
2200
1201
1220
1202
1221
1203
1222
1204
1223
1205
1224
1206
1225
1207
1226
1208
1227
1209
1228
1210
1229
1211
1230
1212
1231
1213
1232
1214
1233
1215
1234
1216
1235
1217
1236
1218
1237
1219
1238
1239
2240
1221
1240
1222
1241
1223
1242
1224
1243
1225
1244
1226
1245
1227
1246
1228
1247
1229
1248
1230
1249
1231
1250
1232
1251
1233
1252
1234
1253
1235
1254
1236
1255
1237
1256
1238
1257
1239
1258
1259
2280
1241
1260
1242
1261
1243
1262
1244
1263
1245
1264
1246
1265
1247
1266
1248
1267
1249
1268
1250
1269
1251
1270
1252
1271
1253
1272
1254
1273
1255
1274
1256
1275
1257
1276
1258
1277
1259
1278
1279
2320
1261
1280
1262
1281
1263
1282
1264
1283
1265
1284
1266
1285
1267
1286
1268
1287
1269
1288
1270
1289
1271
1290
1272
1291
1273
1292
1274
1293
1275
1294
1276
1295
1277
1296
1278
1297
1279
1298
1299
2360
1281
1300
1282
1301
1283
1302
1284
1303
1285
1304
1286
1305
1287
1306
1288
1307
1289
1308
1290
1309
1291
1310
1292
1311
1293
1312
1294
1313
1295
1314
1296
1315
1297
1316
1298
1317
1299
1318
1319
2400
1301
1320
1302
1321
1303
1322
1304
1323
1305
1324
1306
1325
1307
1326
1308
1327
1309
1328
1310
1329
1311
1330
1312
1331
1313
1332
1314
1333
1315
1334
1316
1335
1317
1336
1318
1337
1319
1338
1339
2440
1321
1340
1322
1341
1323
1342
1324
1343
1325
1344
1326
1345
1327
1346
1328
1347
1329
1348
1330
1349
1331
1350
1332
1351
1333
1352
1334
1353
1335
1354
1336
1355
1337
1356
1338
1357
1339
1358
1359
2480
1341
1360
1342
1361
1343
1362
1344
1363
1345
1364
1346
1365
1347
1366
1348
1367
1349
1368
1350
1369
1351
1370
1352
1371
1353
1372
1354
1373
1355
1374
1356
1375
1357
1376
1358
1377
1359
1378
1379
2520
1361
1380
1362
1381
1363
1382
1364
1383
1365
1384
1366
1385
1367
1386
1368
1387
1369
1388
1370
1389
1371
1390
1372
1391
1373
1392
1374
1393
1375
1394
1376
1395
1377
1396
1378
1397
1379
1398
1399
2560
1381
1400
1382
1401
1383
1402
1384
1403
1385
1404
1386
1405
1387
1406
1388
1407
1389
1408
1390
1409
1391
1410
1392
1411
1393
1412
1394
1413
1395
1414
1396
1415
1397
1416
1398
1417
1399
1418
1419
2600
1401
1420
1402
1421
1403
1422
1404
1423
1405
1424
1406
1425
1407
1426
1408
1427
1409
1428
1410
1429
1411
1430
1412
1431
1413
1432
1414
1433
1415
1434
1416
1435
1417
1436
1418
1437
1419
1438
1439
2640
1421
1440
1422
1441
1423
1442
1424
1443
1425
1444
1426
1445
1427
1446
1428
1447
1429
1448
1430
1449
1431
1450
1432
1451
1433
1452
1434
1453
1435
1454
1436
1455
1437
1456
1438
1457
1439
1458
1459
2680
1441
1460
1442
1461
1443
1462
1444
1463
1445
1464
1446
1465
1447
1466
1448
1467
1449
1468
1450
1469
1451
1470
1452
1471
1453
1472
1454
1473
1455
1474
1456
1475
1457
1476
1458
1477
1459
1478
1479
2720
1461
1480
1462
1481
1463
1482
1464
1483
1465
1484
1466
1485
1467
1486
1468
1487
1469
1488
1470
1489
1471
1490
1472
1491
1473
1492
1474
1493
1475
1494
1476
1495
1477
1496
1478
1497
1479
1498
1499
2760
1481
1500
1482
1501
1483
1502
1484
1503
1485
1504
1486
1505
1487
1506
1488
1507
1489
1508
1490
1509
1491
1510
1492
1511
1493
1512
1494
1513
1495
1514
1496
1515
1497
1516
1498
1517
1499
1518
1519
2800
1501
1520
1502
1521
1503
1522
1504
1523
1505
1524
1506
1525
1507
1526
1508
1527
1509
1528
1510
1529
1511
1530
1512
1531
1513
1532
1514
1533
1515
1534
1516
1535
1517
1536
1518
1537
1519
1538
1539
2840
1521
1540
1522
1541
1523
1542
1524
1543
1525
1544
1526
1545
1527
1546
1528
1547
1529
1548
1530
1549
1531
1550
1532
1551
1533
1552
1534
1553
1535
1554
1536
1555
1537
1556
1538
1557
1539
1558
1559
2880
1541
1560
1542
1561
1543
1562
1544
1563
1545
1564
1546
1565
1547
1566
1548
1567
1549
1568
1550
1569
1551
1570
1552
1571
1553
1572
1554
1573
1555
1574
1556
1575
1557
1576
1558
1577
1559
1578
1579
2920
1561
1580
1562
1581
1563
1582
1564
1583
1565
1584
1566
1585
1567
1586
1568
1587
1569
1588
1570
1589
1571
1590
1572
1591
1573
1592
1574
1593
1575
1594
1576
1595
1577
1596
1578
1597
1579
1598
1599
2960
1581
1600
1582
1601
1583
1602
1584
1603
1585
1604
1586
1605
1587
1606
1588
1607
1589
1608
1590
1609
1591
1610
1592
1611
1593
1612
1594
1613
1595
1614
1596
1615
1597
1616
1598
1617
1599
1618
1619
3000
1601
1620
1602
1621
1603
1622
1604
1623
1605
1624
1606
1625
1607
1626
1608
1627
1609
1628
1610
1629
1611
1630
1612
1631
1613
1632
1614
1633
1615
1634
1616
1635
1617
1636
1618
1637
1619
1638
1639
3040
1621
1640
1622
1641
1623
1642
1624
1643
1625
1644
1626
1645
1627
1646
1628
1647
1629
1648
1630
1649
1631
1650
1632
1651
1633
1652
1634
1653
1635
1654
1636
1655
1637
1656
1638
1657
1639
1658
1659
3080
1641
1660
1642
1661
1643
1662
1644
1663
1645
1664
1646
1665
1647
1666
1648
1667
1649
1668
1650
1669
1651
1670
1652
1671
1653
1672
1654
1673
1655
1674
1656
1675
1657
1676
1658
1677
1659
1678
1679
3120
1661
1680
1662
1681
1663
1682
1664
1683
1665
1684
1666
1685
1667
1686
1668
1687
1669
1688
1670
1689
1671
1690
1672
1691
1673
1692
1674
1693
1675
1694
1676
1695
1677
1696
1678
1697
1679
1698
1699
3160
1681
1700
1682
1701
1683
1702
1684
1703
1685
1704
1686
1705
1687
1706
1688
1707
1689
1708
1690
1709
1691
1710
1692
1711
1693
1712
1694
1713
1695
1714
1696
1715
1697
1716
1698
1717
1699
1718
1719
3200
1701
1720
1702
1721
1703
1722
1704
1723
1705
1724
1706
1725
1707
1726
1708
1727
1709
1728
1710
1729
1711
1730
1712
1731
1713
1732
1714
1733
1715
1734
1716
1735
1717
1736
1718
1737
1719
1738
1739
3240
1721
1740
1722
1741
1723
1742
1724
1743
1725
1744
1726
1745
1727
1746
1728
1747
1729
1748
1730
1749
1731
1750
1732
1751
1733
1752
1734
1753
1735
1754
1736
1755
1737
1756
1738
1757
1739
1758
1759
3280
1741
3360
1742
3361
1743
3362
1744
3363
1745
3364
1746
3365
1747
3366
1748
3367
1749
3368
1750
3369
1751
3370
1752
3371
1753
3372
1754
3373
1755
3374
1756
3375
1757
3376
1758
3377
1759
3378
3320
3379
1761
1800
1762
1801
1763
1802
1764
1803
1765
1804
1766
1805
1767
1806
1768
1807
1769
1808
1770
1809
1771
1810
1772
1811
1773
1812
1774
1813
1775
1814
1776
1815
1777
1816
1778
1817
1779
1818
1780
1819
1781
1820
1782
1821
1783
1822
1784
1823
1785
1824
1786
1825
1787
1826
1788
1827
1789
1828
1790
1829
1791
1830
1792
1831
1793
1832
1794
1833
1795
1834
1796
1835
1797
1836
1798
1837
1799
1838
1839
1801
1840
1802
1841
1803
1842
1804
1843
1805
1844
1806
1845
1807
1846
1808
1847
1809
1848
1810
1849
1811
1850
1812
1851
1813
1852
1814
1853
1815
1854
1816
1855
1817
1856
1818
1857
1819
1858
1820
1859
1821
1860
1822
1861
1823
1862
1824
1863
1825
1864
1826
1865
1827
1866
1828
1867
1829
1868
1830
1869
1831
1870
1832
1871
1833
1872
1834
1873
1835
1874
1836
1875
1837
1876
1838
1877
1839
1878
1879
1841
1880
1842
1881
1843
1882
1844
1883
1845
1884
1846
1885
1847
1886
1848
1887
1849
1888
1850
1889
1851
1890
1852
1891
1853
1892
1854
1893
1855
1894
1856
1895
1857
1896
1858
1897
1859
1898
1860
1899
1861
1900
1862
1901
1863
1902
1864
1903
1865
1904
1866
1905
1867
1906
1868
1907
1869
1908
1870
1909
1871
1910
1872
1911
1873
1912
1874
1913
1875
1914
1876
1915
1877
1916
1878
1917
1879
1918
1919
1881
1920
1882
1921
1883
1922
1884
1923
1885
1924
1886
1925
1887
1926
1888
1927
1889
1928
1890
1929
1891
1930
1892
1931
1893
1932
1894
1933
1895
1934
1896
1935
1897
1936
1898
1937
1899
1938
1900
1939
1901
1940
1902
1941
1903
1942
1904
1943
1905
1944
1906
1945
1907
1946
1908
1947
1909
1948
1910
1949
1911
1950
1912
1951
1913
1952
1914
1953
1915
1954
1916
1955
1917
1956
1918
1957
1919
1958
1959
1921
1960
1922
1961
1923
1962
1924
1963
1925
1964
1926
1965
1927
1966
1928
1967
1929
1968
1930
1969
1931
1970
1932
1971
1933
1972
1934
1973
1935
1974
1936
1975
1937
1976
1938
1977
1939
1978
1940
1979
1941
1980
1942
1981
1943
1982
1944
1983
1945
1984
1946
1985
1947
1986
1948
1987
1949
1988
1950
1989
1951
1990
1952
1991
1953
1992
1954
1993
1955
1994
1956
1995
1957
1996
1958
1997
1959
1998
1999
1961
2000
1962
2001
1963
2002
1964
2003
1965
2004
1966
2005
1967
2006
1968
2007
1969
2008
1970
2009
1971
2010
1972
2011
1973
2012
1974
2013
1975
2014
1976
2015
1977
2016
1978
2017
1979
2018
1980
2019
1981
2020
1982
2021
1983
2022
1984
2023
1985
2024
1986
2025
1987
2026
1988
2027
1989
2028
1990
2029
1991
2030
1992
2031
1993
2032
1994
2033
1995
2034
1996
2035
1997
2036
1998
2037
1999
2038
2039
2001
2040
2002
2041
2003
2042
2004
2043
2005
2044
2006
2045
2007
2046
2008
2047
2009
2048
2010
2049
2011
2050
2012
2051
2013
2052
2014
2053
2015
2054
2016
2055
2017
2056
2018
2057
2019
2058
2020
2059
2021
2060
2022
2061
2023
2062
2024
2063
2025
2064
2026
2065
2027
2066
2028
2067
2029
2068
2030
2069
2031
2070
2032
2071
2033
2072
2034
2073
2035
2074
2036
2075
2037
2076
2038
2077
2039
2078
2079
2041
2080
2042
2081
2043
2082
2044
2083
2045
2084
2046
2085
2047
2086
2048
2087
2049
2088
2050
2089
2051
2090
2052
2091
2053
2092
2054
2093
2055
2094
2056
2095
2057
2096
2058
2097
2059
2098
2060
2099
2061
2100
2062
2101
2063
2102
2064
2103
2065
2104
2066
2105
2067
2106
2068
2107
2069
2108
2070
2109
2071
2110
2072
2111
2073
2112
2074
2113
2075
2114
2076
2115
2077
2116
2078
2117
2079
2118
2119
2081
2120
2082
2121
2083
2122
2084
2123
2085
2124
2086
2125
2087
2126
2088
2127
2089
2128
2090
2129
2091
2130
2092
2131
2093
2132
2094
2133
2095
2134
2096
2135
2097
2136
2098
2137
2099
2138
2100
2139
2101
2140
2102
2141
2103
2142
2104
2143
2105
2144
2106
2145
2107
2146
2108
2147
2109
2148
2110
2149
2111
2150
2112
2151
2113
2152
2114
2153
2115
2154
2116
2155
2117
2156
2118
2157
2119
2158
2159
2121
2160
2122
2161
2123
2162
2124
2163
2125
2164
2126
2165
2127
2166
2128
2167
2129
2168
2130
2169
2131
2170
2132
2171
2133
2172
2134
2173
2135
2174
2136
2175
2137
2176
2138
2177
2139
2178
2140
2179
2141
2180
2142
2181
2143
2182
2144
2183
2145
2184
2146
2185
2147
2186
2148
2187
2149
2188
2150
2189
2151
2190
2152
2191
2153
2192
2154
2193
2155
2194
2156
2195
2157
2196
2158
2197
2159
2198
2199
2161
2200
2162
2201
2163
2202
2164
2203
2165
2204
2166
2205
2167
2206
2168
2207
2169
2208
2170
2209
2171
2210
2172
2211
2173
2212
2174
2213
2175
2214
2176
2215
2177
2216
2178
2217
2179
2218
2180
2219
2181
2220
2182
2221
2183
2222
2184
2223
2185
2224
2186
2225
2187
2226
2188
2227
2189
2228
2190
2229
2191
2230
2192
2231
2193
2232
2194
2233
2195
2234
2196
2235
2197
2236
2198
2237
2199
2238
2239
2201
2240
2202
2241
2203
2242
2204
2243
2205
2244
2206
2245
2207
2246
2208
2247
2209
2248
2210
2249
2211
2250
2212
2251
2213
2252
2214
2253
2215
2254
2216
2255
2217
2256
2218
2257
2219
2258
2220
2259
2221
2260
2222
2261
2223
2262
2224
2263
2225
2264
2226
2265
2227
2266
2228
2267
2229
2268
2230
2269
2231
2270
2232
2271
2233
2272
2234
2273
2235
2274
2236
2275
2237
2276
2238
2277
2239
2278
2279
2241
2280
2242
2281
2243
2282
2244
2283
2245
2284
2246
2285
2247
2286
2248
2287
2249
2288
2250
2289
2251
2290
2252
2291
2253
2292
2254
2293
2255
2294
2256
2295
2257
2296
2258
2297
2259
2298
2260
2299
2261
2300
2262
2301
2263
2302
2264
2303
2265
2304
2266
2305
2267
2306
2268
2307
2269
2308
2270
2309
2271
2310
2272
2311
2273
2312
2274
2313
2275
2314
2276
2315
2277
2316
2278
2317
2279
2318
2319
2281
2320
2282
2321
2283
2322
2284
2323
2285
2324
2286
2325
2287
2326
2288
2327
2289
2328
2290
2329
2291
2330
2292
2331
2293
2332
2294
2333
2295
2334
2296
2335
2297
2336
2298
2337
2299
2338
2300
2339
2301
2340
2302
2341
2303
2342
2304
2343
2305
2344
2306
2345
2307
2346
2308
2347
2309
2348
2310
2349
2311
2350
2312
2351
2313
2352
2314
2353
2315
2354
2316
2355
2317
2356
2318
2357
2319
2358
2359
2321
2360
2322
2361
2323
2362
2324
2363
2325
2364
2326
2365
2327
2366
2328
2367
2329
2368
2330
2369
2331
2370
2332
2371
2333
2372
2334
2373
2335
2374
2336
2375
2337
2376
2338
2377
2339
2378
2340
2379
2341
2380
2342
2381
2343
2382
2344
2383
2345
2384
2346
2385
2347
2386
2348
2387
2349
2388
2350
2389
2351
2390
2352
2391
2353
2392
2354
2393
2355
2394
2356
2395
2357
2396
2358
2397
2359
2398
2399
2361
2400
2362
2401
2363
2402
2364
2403
2365
2404
2366
2405
2367
2406
2368
2407
2369
2408
2370
2409
2371
2410
2372
2411
2373
2412
2374
2413
2375
2414
2376
2415
2377
2416
2378
2417
2379
2418
2380
2419
2381
2420
2382
2421
2383
2422
2384
2423
2385
2424
2386
2425
2387
2426
2388
2427
2389
2428
2390
2429
2391
2430
2392
2431
2393
2432
2394
2433
2395
2434
2396
2435
2397
2436
2398
2437
2399
2438
2439
2401
2440
2402
2441
2403
2442
2404
2443
2405
2444
2406
2445
2407
2446
2408
2447
2409
2448
2410
2449
2411
2450
2412
2451
2413
2452
2414
2453
2415
2454
2416
2455
2417
2456
2418
2457
2419
2458
2420
2459
2421
2460
2422
2461
2423
2462
2424
2463
2425
2464
2426
2465
2427
2466
2428
2467
2429
2468
2430
2469
2431
2470
2432
2471
2433
2472
2434
2473
2435
2474
2436
2475
2437
2476
2438
2477
2439
2478
2479
2441
2480
2442
2481
2443
2482
2444
2483
2445
2484
2446
2485
2447
2486
2448
2487
2449
2488
2450
2489
2451
2490
2452
2491
2453
2492
2454
2493
2455
2494
2456
2495
2457
2496
2458
2497
2459
2498
2460
2499
2461
2500
2462
2501
2463
2502
2464
2503
2465
2504
2466
2505
2467
2506
2468
2507
2469
2508
2470
2509
2471
2510
2472
2511
2473
2512
2474
2513
2475
2514
2476
2515
2477
2516
2478
2517
2479
2518
2519
2481
2520
2482
2521
2483
2522
2484
2523
2485
2524
2486
2525
2487
2526
2488
2527
2489
2528
2490
2529
2491
2530
2492
2531
2493
2532
2494
2533
2495
2534
2496
2535
2497
2536
2498
2537
2499
2538
2500
2539
2501
2540
2502
2541
2503
2542
2504
2543
2505
2544
2506
2545
2507
2546
2508
2547
2509
2548
2510
2549
2511
2550
2512
2551
2513
2552
2514
2553
2515
2554
2516
2555
2517
2556
2518
2557
2519
2558
2559
2521
2560
2522
2561
2523
2562
2524
2563
2525
2564
2526
2565
2527
2566
2528
2567
2529
2568
2530
2569
2531
2570
2532
2571
2533
2572
2534
2573
2535
2574
2536
2575
2537
2576
2538
2577
2539
2578
2540
2579
2541
2580
2542
2581
2543
2582
2544
2583
2545
2584
2546
2585
2547
2586
2548
2587
2549
2588
2550
2589
2551
2590
2552
2591
2553
2592
2554
2593
2555
2594
2556
2595
2557
2596
2558
2597
2559
2598
2599
2561
2600
2562
2601
2563
2602
2564
2603
2565
2604
2566
2605
2567
2606
2568
2607
2569
2608
2570
2609
2571
2610
2572
2611
2573
2612
2574
2613
2575
2614
2576
2615
2577
2616
2578
2617
2579
2618
2580
2619
2581
2620
2582
2621
2583
2622
2584
2623
2585
2624
2586
2625
2587
2626
2588
2627
2589
2628
2590
2629
2591
2630
2592
2631
2593
2632
2594
2633
2595
2634
2596
2635
2597
2636
2598
2637
2599
2638
2639
2601
2640
2602
2641
2603
2642
2604
2643
2605
2644
2606
2645
2607
2646
2608
2647
2609
2648
2610
2649
2611
2650
2612
2651
2613
2652
2614
2653
2615
2654
2616
2655
2617
2656
2618
2657
2619
2658
2620
2659
2621
2660
2622
2661
2623
2662
2624
2663
2625
2664
2626
2665
2627
2666
2628
2667
2629
2668
2630
2669
2631
2670
2632
2671
2633
2672
2634
2673
2635
2674
2636
2675
2637
2676
2638
2677
2639
2678
2679
2641
2680
2642
2681
2643
2682
2644
2683
2645
2684
2646
2685
2647
2686
2648
2687
2649
2688
2650
2689
2651
2690
2652
2691
2653
2692
2654
2693
2655
2694
2656
2695
2657
2696
2658
2697
2659
2698
2660
2699
2661
2700
2662
2701
2663
2702
2664
2703
2665
2704
2666
2705
2667
2706
2668
2707
2669
2708
2670
2709
2671
2710
2672
2711
2673
2712
2674
2713
2675
2714
2676
2715
2677
2716
2678
2717
2679
2718
2719
2681
2720
2682
2721
2683
2722
2684
2723
2685
2724
2686
2725
2687
2726
2688
2727
2689
2728
2690
2729
2691
2730
2692
2731
2693
2732
2694
2733
2695
2734
2696
2735
2697
2736
2698
2737
2699
2738
2700
2739
2701
2740
2702
2741
2703
2742
2704
2743
2705
2744
2706
2745
2707
2746
2708
2747
2709
2748
2710
2749
2711
2750
2712
2751
2713
2752
2714
2753
2715
2754
2716
2755
2717
2756
2718
2757
2719
2758
2759
2721
2760
2722
2761
2723
2762
2724
2763
2725
2764
2726
2765
2727
2766
2728
2767
2729
2768
2730
2769
2731
2770
2732
2771
2733
2772
2734
2773
2735
2774
2736
2775
2737
2776
2738
2777
2739
2778
2740
2779
2741
2780
2742
2781
2743
2782
2744
2783
2745
2784
2746
2785
2747
2786
2748
2787
2749
2788
2750
2789
2751
2790
2752
2791
2753
2792
2754
2793
2755
2794
2756
2795
2757
2796
2758
2797
2759
2798
2799
2761
2800
2762
2801
2763
2802
2764
2803
2765
2804
2766
2805
2767
2806
2768
2807
2769
2808
2770
2809
2771
2810
2772
2811
2773
2812
2774
2813
2775
2814
2776
2815
2777
2816
2778
2817
2779
2818
2780
2819
2781
2820
2782
2821
2783
2822
2784
2823
2785
2824
2786
2825
2787
2826
2788
2827
2789
2828
2790
2829
2791
2830
2792
2831
2793
2832
2794
2833
2795
2834
2796
2835
2797
2836
2798
2837
2799
2838
2839
2801
2840
2802
2841
2803
2842
2804
2843
2805
2844
2806
2845
2807
2846
2808
2847
2809
2848
2810
2849
2811
2850
2812
2851
2813
2852
2814
2853
2815
2854
2816
2855
2817
2856
2818
2857
2819
2858
2820
2859
2821
2860
2822
2861
2823
2862
2824
2863
2825
2864
2826
2865
2827
2866
2828
2867
2829
2868
2830
2869
2831
2870
2832
2871
2833
2872
2834
2873
2835
2874
2836
2875
2837
2876
2838
2877
2839
2878
2879
2841
2880
2842
2881
2843
2882
2844
2883
2845
2884
2846
2885
2847
2886
2848
2887
2849
2888
2850
2889
2851
2890
2852
2891
2853
2892
2854
2893
2855
2894
2856
2895
2857
2896
2858
2897
2859
2898
2860
2899
2861
2900
2862
2901
2863
2902
2864
2903
2865
2904
2866
2905
2867
2906
2868
2907
2869
2908
2870
2909
2871
2910
2872
2911
2873
2912
2874
2913
2875
2914
2876
2915
2877
2916
2878
2917
2879
2918
2919
2881
2920
2882
2921
2883
2922
2884
2923
2885
2924
2886
2925
2887
2926
2888
2927
2889
2928
2890
2929
2891
2930
2892
2931
2893
2932
2894
2933
2895
2934
2896
2935
2897
2936
2898
2937
2899
2938
2900
2939
2901
2940
2902
2941
2903
2942
2904
2943
2905
2944
2906
2945
2907
2946
2908
2947
2909
2948
2910
2949
2911
2950
2912
2951
2913
2952
2914
2953
2915
2954
2916
2955
2917
2956
2918
2957
2919
2958
2959
2921
2960
2922
2961
2923
2962
2924
2963
2925
2964
2926
2965
2927
2966
2928
2967
2929
2968
2930
2969
2931
2970
2932
2971
2933
2972
2934
2973
2935
2974
2936
2975
2937
2976
2938
2977
2939
2978
2940
2979
2941
2980
2942
2981
2943
2982
2944
2983
2945
2984
2946
2985
2947
2986
2948
2987
2949
2988
2950
2989
2951
2990
2952
2991
2953
2992
2954
2993
2955
2994
2956
2995
2957
2996
2958
2997
2959
2998
2999
2961
3000
2962
3001
2963
3002
2964
3003
2965
3004
2966
3005
2967
3006
2968
3007
2969
3008
2970
3009
2971
3010
2972
3011
2973
3012
2974
3013
2975
3014
2976
3015
2977
3016
2978
3017
2979
3018
2980
3019
2981
3020
2982
3021
2983
3022
2984
3023
2985
3024
2986
3025
2987
3026
2988
3027
2989
3028
2990
3029
2991
3030
2992
3031
2993
3032
2994
3033
2995
3034
2996
3035
2997
3036
2998
3037
2999
3038
3039
3001
3040
3002
3041
3003
3042
3004
3043
3005
3044
3006
3045
3007
3046
3008
3047
3009
3048
3010
3049
3011
3050
3012
3051
3013
3052
3014
3053
3015
3054
3016
3055
3017
3056
3018
3057
3019
3058
3020
3059
3021
3060
3022
3061
3023
3062
3024
3063
3025
3064
3026
3065
3027
3066
3028
3067
3029
3068
3030
3069
3031
3070
3032
3071
3033
3072
3034
3073
3035
3074
3036
3075
3037
3076
3038
3077
3039
3078
3079
3041
3080
3042
3081
3043
3082
3044
3083
3045
3084
3046
3085
3047
3086
3048
3087
3049
3088
3050
3089
3051
3090
3052
3091
3053
3092
3054
3093
3055
3094
3056
3095
3057
3096
3058
3097
3059
3098
3060
3099
3061
3100
3062
3101
3063
3102
3064
3103
3065
3104
3066
3105
3067
3106
3068
3107
3069
3108
3070
3109
3071
3110
3072
3111
3073
3112
3074
3113
3075
3114
3076
3115
3077
3116
3078
3117
3079
3118
3119
3081
3120
3082
3121
3083
3122
3084
3123
3085
3124
3086
3125
3087
3126
3088
3127
3089
3128
3090
3129
3091
3130
3092
3131
3093
3132
3094
3133
3095
3134
3096
3135
3097
3136
3098
3137
3099
3138
3100
3139
3101
3140
3102
3141
3103
3142
3104
3143
3105
3144
3106
3145
3107
3146
3108
3147
3109
3148
3110
3149
3111
3150
3112
3151
3113
3152
3114
3153
3115
3154
3116
3155
3117
3156
3118
3157
3119
3158
3159
3121
3160
3122
3161
3123
3162
3124
3163
3125
3164
3126
3165
3127
3166
3128
3167
3129
3168
3130
3169
3131
3170
3132
3171
3133
3172
3134
3173
3135
3174
3136
3175
3137
3176
3138
3177
3139
3178
3140
3179
3141
3180
3142
3181
3143
3182
3144
3183
3145
3184
3146
3185
3147
3186
3148
3187
3149
3188
3150
3189
3151
3190
3152
3191
3153
3192
3154
3193
3155
3194
3156
3195
3157
3196
3158
3197
3159
3198
3199
3161
3200
3162
3201
3163
3202
3164
3203
3165
3204
3166
3205
3167
3206
3168
3207
3169
3208
3170
3209
3171
3210
3172
3211
3173
3212
3174
3213
3175
3214
3176
3215
3177
3216
3178
3217
3179
3218
3180
3219
3181
3220
3182
3221
3183
3222
3184
3223
3185
3224
3186
3225
3187
3226
3188
3227
3189
3228
3190
3229
3191
3230
3192
3231
3193
3232
3194
3233
3195
3234
3196
3235
3197
3236
3198
3237
3199
3238
3239
3201
3240
3202
3241
3203
3242
3204
3243
3205
3244
3206
3245
3207
3246
3208
3247
3209
3248
3210
3249
3211
3250
3212
3251
3213
3252
3214
3253
3215
3254
3216
3255
3217
3256
3218
3257
3219
3258
3220
3259
3221
3260
3222
3261
3223
3262
3224
3263
3225
3264
3226
3265
3227
3266
3228
3267
3229
3268
3230
3269
3231
3270
3232
3271
3233
3272
3234
3273
3235
3274
3236
3275
3237
3276
3238
3277
3239
3278
3279
3241
3280
3242
3281
3243
3282
3244
3283
3245
3284
3246
3285
3247
3286
3248
3287
3249
3288
3250
3289
3251
3290
3252
3291
3253
3292
3254
3293
3255
3294
3256
3295
3257
3296
3258
3297
3259
3298
3260
3299
3261
3300
3262
3301
3263
3302
3264
3303
3265
3304
3266
3305
3267
3306
3268
3307
3269
3308
3270
3309
3271
3310
3272
3311
3273
3312
3274
3313
3275
3314
3276
3315
3277
3316
3278
3317
3279
3318
3319
3281
3320
3282
3321
3283
3322
3284
3323
3285
3324
3286
3325
3287
3326
3288
3327
3289
3328
3290
3329
3291
3330
3292
3331
3293
3332
3294
3333
3295
3334
3296
3335
3297
3336
3298
3337
3299
3338
3300
3339
3301
3340
3302
3341
3303
3342
3304
3343
3305
3344
3306
3345
3307
3346
3308
3347
3309
3348
3310
3349
3311
3350
3312
3351
3313
3352
3314
3353
3315
3354
3316
3355
3317
3356
3318
3357
3319
3358
3359
3321
3322
3323
3324
3325
3326
3327
3328
3329
3330
3331
3332
3333
3334
3335
3336
3337
3338
3339
3340
3341
3342
3343
3344
3345
3346
3347
3348
3349
3350
3351
3352
3353
3354
3355
3356
3357
3358
3359
3361
3380
3362
3381
3363
3382
3364
3383
3365
3384
3366
3385
3367
3386
3368
3387
3369
3388
3370
3389
3371
3390
3372
3391
3373
3392
3374
3393
3375
3394
3376
3395
3377
3396
3378
3397
3379
3398
3399
3381
3400
3382
3401
3383
3402
3384
3403
3385
3404
3386
3405
3387
3406
3388
3407
3389
3408
3390
3409
3391
3410
3392
3411
3393
3412
3394
3413
3395
3414
3396
3415
3397
3416
3398
3417
3399
3418
3419
3401
3420
3402
3421
3403
3422
3404
3423
3405
3424
3406
3425
3407
3426
3408
3427
3409
3428
3410
3429
3411
3430
3412
3431
3413
3432
3414
3433
3415
3434
3416
3435
3417
3436
3418
3437
3419
3438
3439
3421
3440
3422
3441
3423
3442
3424
3443
3425
3444
3426
3445
3427
3446
3428
3447
3429
3448
3430
3449
3431
3450
3432
3451
3433
3452
3434
3453
3435
3454
3436
3455
3437
3456
3438
3457
3439
3458
3459
3441
3460
3442
3461
3443
3462
3444
3463
3445
3464
3446
3465
3447
3466
3448
3467
3449
3468
3450
3469
3451
3470
3452
3471
3453
3472
3454
3473
3455
3474
3456
3475
3457
3476
3458
3477
3459
3478
3479
3461
3480
3462
3481
3463
3482
3464
3483
3465
3484
3466
3485
3467
3486
3468
3487
3469
3488
3470
3489
3471
3490
3472
3491
3473
3492
3474
3493
3475
3494
3476
3495
3477
3496
3478
3497
3479
3498
3499
3481
3500
3482
3501
3483
3502
3484
3503
3485
3504
3486
3505
3487
3506
3488
3507
3489
3508
3490
3509
3491
3510
3492
3511
3493
3512
3494
3513
3495
3514
3496
3515
3497
3516
3498
3517
3499
3518
3519
3501
3520
3502
3521
3503
3522
3504
3523
3505
3524
3506
3525
3507
3526
3508
3527
3509
3528
3510
3529
3511
3530
3512
3531
3513
3532
3514
3533
3515
3534
3516
3535
3517
3536
3518
3537
3519
3538
3539
3521
3540
3522
3541
3523
3542
3524
3543
3525
3544
3526
3545
3527
3546
3528
3547
3529
3548
3530
3549
3531
3550
3532
3551
3533
3552
3534
3553
3535
3554
3536
3555
3537
3556
3538
3557
3539
3558
3559
3541
3560
3542
3561
3543
3562
3544
3563
3545
3564
3546
3565
3547
3566
3548
3567
3549
3568
3550
3569
3551
3570
3552
3571
3553
3572
3554
3573
3555
3574
3556
3575
3557
3576
3558
3577
3559
3578
3579
3561
3580
3562
3581
3563
3582
3564
3583
3565
3584
3566
3585
3567
3586
3568
3587
3569
3588
3570
3589
3571
3590
3572
3591
3573
3592
3574
3593
3575
3594
3576
3595
3577
3596
3578
3597
3579
3598
3599
3581
3600
3582
3601
3583
3602
3584
3603
3585
3604
3586
3605
3587
3606
3588
3607
3589
3608
3590
3609
3591
3610
3592
3611
3593
3612
3594
3613
3595
3614
3596
3615
3597
3616
3598
3617
3599
3618
3619
3601
3620
3602
3621
3603
3622
3604
3623
3605
3624
3606
3625
3607
3626
3608
3627
3609
3628
3610
3629
3611
3630
3612
3631
3613
3632
3614
3633
3615
3634
3616
3635
3617
3636
3618
3637
3619
3638
3639
3621
3640
3622
3641
3623
3642
3624
3643
3625
3644
3626
3645
3627
3646
3628
3647
3629
3648
3630
3649
3631
3650
3632
3651
3633
3652
3634
3653
3635
3654
3636
3655
3637
3656
3638
3657
3639
3658
3659
3641
3660
3642
3661
3643
3662
3644
3663
3645
3664
3646
3665
3647
3666
3648
3667
3649
3668
3650
3669
3651
3670
3652
3671
3653
3672
3654
3673
3655
3674
3656
3675
3657
3676
3658
3677
3659
3678
3679
3661
3680
3662
3681
3663
3682
3664
3683
3665
3684
3666
3685
3667
3686
3668
3687
3669
3688
3670
3689
3671
3690
3672
3691
3673
3692
3674
3693
3675
3694
3676
3695
3677
3696
3678
3697
3679
3698
3699
3681
3700
3682
3701
3683
3702
3684
3703
3685
3704
3686
3705
3687
3706
3688
3707
3689
3708
3690
3709
3691
3710
3692
3711
3693
3712
3694
3713
3695
3714
3696
3715
3697
3716
3698
3717
3699
3718
3719
3701
3720
3702
3721
3703
3722
3704
3723
3705
3724
3706
3725
3707
3726
3708
3727
3709
3728
3710
3729
3711
3730
3712
3731
3713
3732
3714
3733
3715
3734
3716
3735
3717
3736
3718
3737
3719
3738
3739
3721
3740
3722
3741
3723
3742
3724
3743
3725
3744
3726
3745
3727
3746
3728
3747
3729
3748
3730
3749
3731
3750
3732
3751
3733
3752
3734
3753
3735
3754
3736
3755
3737
3756
3738
3757
3739
3758
3759
3741
3760
3742
3761
3743
3762
3744
3763
3745
3764
3746
3765
3747
3766
3748
3767
3749
3768
3750
3769
3751
3770
3752
3771
3753
3772
3754
3773
3755
3774
3756
3775
3757
3776
3758
3777
3759
3778
3779
3761
3780
3762
3781
3763
3782
3764
3783
3765
3784
3766
3785
3767
3786
3768
3787
3769
3788
3770
3789
3771
3790
3772
3791
3773
3792
3774
3793
3775
3794
3776
3795
3777
3796
3778
3797
3779
3798
3799
3781
3800
3782
3801
3783
3802
3784
3803
3785
3804
3786
3805
3787
3806
3788
3807
3789
3808
3790
3809
3791
3810
3792
3811
3793
3812
3794
3813
3795
3814
3796
3815
3797
3816
3798
3817
3799
3818
3819
3801
3820
3802
3821
3803
3822
3804
3823
3805
3824
3806
3825
3807
3826
3808
3827
3809
3828
3810
3829
3811
3830
3812
3831
3813
3832
3814
3833
3815
3834
3816
3835
3817
3836
3818
3837
3819
3838
3839
3821
3840
3822
3841
3823
3842
3824
3843
3825
3844
3826
3845
3827
3846
3828
3847
3829
3848
3830
3849
3831
3850
3832
3851
3833
3852
3834
3853
3835
3854
3836
3855
3837
3856
3838
3857
3839
3858
3859
3841
3860
3842
3861
3843
3862
3844
3863
3845
3864
3846
3865
3847
3866
3848
3867
3849
3868
3850
3869
3851
3870
3852
3871
3853
3872
3854
3873
3855
3874
3856
3875
3857
3876
3858
3877
3859
3878
3879
3861
3880
3862
3881
3863
3882
3864
3883
3865
3884
3866
3885
3867
3886
3868
3887
3869
3888
3870
3889
3871
3890
3872
3891
3873
3892
3874
3893
3875
3894
3876
3895
3877
3896
3878
3897
3879
3898
3899
3881
3900
3882
3901
3883
3902
3884
3903
3885
3904
3886
3905
3887
3906
3888
3907
3889
3908
3890
3909
3891
3910
3892
3911
3893
3912
3894
3913
3895
3914
3896
3915
3897
3916
3898
3917
3899
3918
3919
3901
3920
3902
3921
3903
3922
3904
3923
3905
3924
3906
3925
3907
3926
3908
3927
3909
3928
3910
3929
3911
3930
3912
3931
3913
3932
3914
3933
3915
3934
3916
3935
3917
3936
3918
3937
3919
3938
3939
3921
3940
3922
3941
3923
3942
3924
3943
3925
3944
3926
3945
3927
3946
3928
3947
3929
3948
3930
3949
3931
3950
3932
3951
3933
3952
3934
3953
3935
3954
3936
3955
3937
3956
3938
3957
3939
3958
3959
3941
3960
3942
3961
3943
3962
3944
3963
3945
3964
3946
3965
3947
3966
3948
3967
3949
3968
3950
3969
3951
3970
3952
3971
3953
3972
3954
3973
3955
3974
3956
3975
3957
3976
3958
3977
3959
3978
3979
3961
3980
3962
3981
3963
3982
3964
3983
3965
3984
3966
3985
3967
3986
3968
3987
3969
3988
3970
3989
3971
3990
3972
3991
3973
3992
3974
3993
3975
3994
3976
3995
3977
3996
3978
3997
3979
3998
3999
3981
4000
3982
4001
3983
4002
3984
4003
3985
4004
3986
4005
3987
4006
3988
4007
3989
4008
3990
4009
3991
4010
3992
4011
3993
4012
3994
4013
3995
4014
3996
4015
3997
4016
3998
4017
3999
4018
4019
4001
4020
4002
4021
4003
4022
4004
4023
4005
4024
4006
4025
4007
4026
4008
4027
4009
4028
4010
4029
4011
4030
4012
4031
4013
4032
4014
4033
4015
4034
4016
4035
4017
4036
4018
4037
4019
4038
4039
4021
4040
4022
4041
4023
4042
4024
4043
4025
4044
4026
4045
4027
4046
4028
4047
4029
4048
4030
4049
4031
4050
4032
4051
4033
4052
4034
4053
4035
4054
4036
4055
4037
4056
4038
4057
4039
4058
4059
4041
4060
4042
4061
4043
4062
4044
4063
4045
4064
4046
4065
4047
4066
4048
4067
4049
4068
4050
4069
4051
4070
4052
4071
4053
4072
4054
4073
4055
4074
4056
4075
4057
4076
4058
4077
4059
4078
4079
4061
4080
4062
4081
4063
4082
4064
4083
4065
4084
4066
4085
4067
4086
4068
4087
4069
4088
4070
4089
4071
4090
4072
4091
4073
4092
4074
4093
4075
4094
4076
4095
4077
4096
4078
4097
4079
4098
4099
4081
4100
4082
4101
4083
4102
4084
4103
4085
4104
4086
4105
4087
4106
4088
4107
4089
4108
4090
4109
4091
4110
4092
4111
4093
4112
4094
4113
4095
4114
4096
4115
4097
4116
4098
4117
4099
4118
4119
4101
4120
4102
4121
4103
4122
4104
4123
4105
4124
4106
4125
4107
4126
4108
4127
4109
4128
4110
4129
4111
4130
4112
4131
4113
4132
4114
4133
4115
4134
4116
4135
4117
4136
4118
4137
4119
4138
4139
4121
4140
4122
4141
4123
4142
4124
4143
4125
4144
4126
4145
4127
4146
4128
4147
4129
4148
4130
4149
4131
4150
4132
4151
4133
4152
4134
4153
4135
4154
4136
4155
4137
4156
4138
4157
4139
4158
4159
4141
4160
4142
4161
4143
4162
4144
4163
4145
4164
4146
4165
4147
4166
4148
4167
4149
4168
4150
4169
4151
4170
4152
4171
4153
4172
4154
4173
4155
4174
4156
4175
4157
4176
4158
4177
4159
4178
4179
4161
4180
4162
4181
4163
4182
4164
4183
4165
4184
4166
4185
4167
4186
4168
4187
4169
4188
4170
4189
4171
4190
4172
4191
4173
4192
4174
4193
4175
4194
4176
4195
4177
4196
4178
4197
4179
4198
4199
4181
4200
4182
4201
4183
4202
4184
4203
4185
4204
4186
4205
4187
4206
4188
4207
4189
4208
4190
4209
4191
4210
4192
4211
4193
4212
4194
4213
4195
4214
4196
4215
4197
4216
4198
4217
4199
4218
4219
4201
4220
4202
4221
4203
4222
4204
4223
4205
4224
4206
4225
4207
4226
4208
4227
4209
4228
4210
4229
4211
4230
4212
4231
4213
4232
4214
4233
4215
4234
4216
4235
4217
4236
4218
4237
4219
4238
4239
4221
4240
4222
4241
4223
4242
4224
4243
4225
4244
4226
4245
4227
4246
4228
4247
4229
4248
4230
4249
4231
4250
4232
4251
4233
4252
4234
4253
4235
4254
4236
4255
4237
4256
4238
4257
4239
4258
4259
4241
4260
4242
4261
4243
4262
4244
4263
4245
4264
4246
4265
4247
4266
4248
4267
4249
4268
4250
4269
4251
4270
4252
4271
4253
4272
4254
4273
4255
4274
4256
4275
4257
4276
4258
4277
4259
4278
4279
4261
4280
4262
4281
4263
4282
4264
4283
4265
4284
4266
4285
4267
4286
4268
4287
4269
4288
4270
4289
4271
4290
4272
4291
4273
4292
4274
4293
4275
4294
4276
4295
4277
4296
4278
4297
4279
4298
4299
4281
4300
4282
4301
4283
4302
4284
4303
4285
4304
4286
4305
4287
4306
4288
4307
4289
4308
4290
4309
4291
4310
4292
4311
4293
4312
4294
4313
4295
4314
4296
4315
4297
4316
4298
4317
4299
4318
4319
4301
4320
4302
4321
4303
4322
4304
4323
4305
4324
4306
4325
4307
4326
4308
4327
4309
4328
4310
4329
4311
4330
4312
4331
4313
4332
4314
4333
4315
4334
4316
4335
4317
4336
4318
4337
4319
4338
4339
4321
4340
4322
4341
4323
4342
4324
4343
4325
4344
4326
4345
4327
4346
4328
4347
4329
4348
4330
4349
4331
4350
4332
4351
4333
4352
4334
4353
4335
4354
4336
4355
4337
4356
4338
4357
4339
4358
4359
4341
4360
4342
4361
4343
4362
4344
4363
4345
4364
4346
4365
4347
4366
4348
4367
4349
4368
4350
4369
4351
4370
4352
4371
4353
4372
4354
4373
4355
4374
4356
4375
4357
4376
4358
4377
4359
4378
4379
4361
4380
4362
4381
4363
4382
4364
4383
4365
4384
4366
4385
4367
4386
4368
4387
4369
4388
4370
4389
4371
4390
4372
4391
4373
4392
4374
4393
4375
4394
4376
4395
4377
4396
4378
4397
4379
4398
4399
4381
4400
4382
4401
4383
4402
4384
4403
4385
4404
4386
4405
4387
4406
4388
4407
4389
4408
4390
4409
4391
4410
4392
4411
4393
4412
4394
4413
4395
4414
4396
4415
4397
4416
4398
4417
4399
4418
4419
4401
4420
4402
4421
4403
4422
4404
4423
4405
4424
4406
4425
4407
4426
4408
4427
4409
4428
4410
4429
4411
4430
4412
4431
4413
4432
4414
4433
4415
4434
4416
4435
4417
4436
4418
4437
4419
4438
4439
4421
4440
4422
4441
4423
4442
4424
4443
4425
4444
4426
4445
4427
4446
4428
4447
4429
4448
4430
4449
4431
4450
4432
4451
4433
4452
4434
4453
4435
4454
4436
4455
4437
4456
4438
4457
4439
4458
4459
4441
4460
4442
4461
4443
4462
4444
4463
4445
4464
4446
4465
4447
4466
4448
4467
4449
4468
4450
4469
4451
4470
4452
4471
4453
4472
4454
4473
4455
4474
4456
4475
4457
4476
4458
4477
4459
4478
4479
4461
4480
4462
4481
4463
4482
4464
4483
4465
4484
4466
4485
4467
4486
4468
4487
4469
4488
4470
4489
4471
4490
4472
4491
4473
4492
4474
4493
4475
4494
4476
4495
4477
4496
4478
4497
4479
4498
4499
4481
4500
4482
4501
4483
4502
4484
4503
4485
4504
4486
4505
4487
4506
4488
4507
4489
4508
4490
4509
4491
4510
4492
4511
4493
4512
4494
4513
4495
4514
4496
4515
4497
4516
4498
4517
4499
4518
4519
4501
4520
4502
4521
4503
4522
4504
4523
4505
4524
4506
4525
4507
4526
4508
4527
4509
4528
4510
4529
4511
4530
4512
4531
4513
4532
4514
4533
4515
4534
4516
4535
4517
4536
4518
4537
4519
4538
4539
4521
4540
4522
4541
4523
4542
4524
4543
4525
4544
4526
4545
4527
4546
4528
4547
4529
4548
4530
4549
4531
4550
4532
4551
4533
4552
4534
4553
4535
4554
4536
4555
4537
4556
4538
4557
4539
4558
4559
4541
4560
4542
4561
4543
4562
4544
4563
4545
4564
4546
4565
4547
4566
4548
4567
4549
4568
4550
4569
4551
4570
4552
4571
4553
4572
4554
4573
4555
4574
4556
4575
4557
4576
4558
4577
4559
4578
4579
4561
4580
4562
4581
4563
4582
4564
4583
4565
4584
4566
4585
4567
4586
4568
4587
4569
4588
4570
4589
4571
4590
4572
4591
4573
4592
4574
4593
4575
4594
4576
4595
4577
4596
4578
4597
4579
4598
4599
4581
4600
4582
4601
4583
4602
4584
4603
4585
4604
4586
4605
4587
4606
4588
4607
4589
4608
4590
4609
4591
4610
4592
4611
4593
4612
4594
4613
4595
4614
4596
4615
4597
4616
4598
4617
4599
4618
4619
4601
4620
4602
4621
4603
4622
4604
4623
4605
4624
4606
4625
4607
4626
4608
4627
4609
4628
4610
4629
4611
4630
4612
4631
4613
4632
4614
4633
4615
4634
4616
4635
4617
4636
4618
4637
4619
4638
4639
4621
4640
4622
4641
4623
4642
4624
4643
4625
4644
4626
4645
4627
4646
4628
4647
4629
4648
4630
4649
4631
4650
4632
4651
4633
4652
4634
4653
4635
4654
4636
4655
4637
4656
4638
4657
4639
4658
4659
4641
4660
4642
4661
4643
4662
4644
4663
4645
4664
4646
4665
4647
4666
4648
4667
4649
4668
4650
4669
4651
4670
4652
4671
4653
4672
4654
4673
4655
4674
4656
4675
4657
4676
4658
4677
4659
4678
4679
4661
4680
4662
4681
4663
4682
4664
4683
4665
4684
4666
4685
4667
4686
4668
4687
4669
4688
4670
4689
4671
4690
4672
4691
4673
4692
4674
4693
4675
4694
4676
4695
4677
4696
4678
4697
4679
4698
4699
4681
4700
4682
4701
4683
4702
4684
4703
4685
4704
4686
4705
4687
4706
4688
4707
4689
4708
4690
4709
4691
4710
4692
4711
4693
4712
4694
4713
4695
4714
4696
4715
4697
4716
4698
4717
4699
4718
4719
4701
4720
4702
4721
4703
4722
4704
4723
4705
4724
4706
4725
4707
4726
4708
4727
4709
4728
4710
4729
4711
4730
4712
4731
4713
4732
4714
4733
4715
4734
4716
4735
4717
4736
4718
4737
4719
4738
4739
4721
4740
4722
4741
4723
4742
4724
4743
4725
4744
4726
4745
4727
4746
4728
4747
4729
4748
4730
4749
4731
4750
4732
4751
4733
4752
4734
4753
4735
4754
4736
4755
4737
4756
4738
4757
4739
4758
4759
4741
4760
4742
4761
4743
4762
4744
4763
4745
4764
4746
4765
4747
4766
4748
4767
4749
4768
4750
4769
4751
4770
4752
4771
4753
4772
4754
4773
4755
4774
4756
4775
4757
4776
4758
4777
4759
4778
4779
4761
4780
4762
4781
4763
4782
4764
4783
4765
4784
4766
4785
4767
4786
4768
4787
4769
4788
4770
4789
4771
4790
4772
4791
4773
4792
4774
4793
4775
4794
4776
4795
4777
4796
4778
4797
4779
4798
4799
4781
4800
4782
4801
4783
4802
4784
4803
4785
4804
4786
4805
4787
4806
4788
4807
4789
4808
4790
4809
4791
4810
4792
4811
4793
4812
4794
4813
4795
4814
4796
4815
4797
4816
4798
4817
4799
4818
4819
4801
4820
4802
4821
4803
4822
4804
4823
4805
4824
4806
4825
4807
4826
4808
4827
4809
4828
4810
4829
4811
4830
4812
4831
4813
4832
4814
4833
4815
4834
4816
4835
4817
4836
4818
4837
4819
4838
4839
4821
4840
4822
4841
4823
4842
4824
4843
4825
4844
4826
4845
4827
4846
4828
4847
4829
4848
4830
4849
4831
4850
4832
4851
4833
4852
4834
4853
4835
4854
4836
4855
4837
4856
4838
4857
4839
4858
4859
4841
4860
4842
4861
4843
4862
4844
4863
4845
4864
4846
4865
4847
4866
4848
4867
4849
4868
4850
4869
4851
4870
4852
4871
4853
4872
4854
4873
4855
4874
4856
4875
4857
4876
4858
4877
4859
4878
4879
4861
4880
4862
4881
4863
4882
4864
4883
4865
4884
4866
4885
4867
4886
4868
4887
4869
4888
4870
4889
4871
4890
4872
4891
4873
4892
4874
4893
4875
4894
4876
4895
4877
4896
4878
4897
4879
4898
4899
4881
4900
4882
4901
4883
4902
4884
4903
4885
4904
4886
4905
4887
4906
4888
4907
4889
4908
4890
4909
4891
4910
4892
4911
4893
4912
4894
4913
4895
4914
4896
4915
4897
4916
4898
4917
4899
4918
4919
4901
4920
4902
4921
4903
4922
4904
4923
4905
4924
4906
4925
4907
4926
4908
4927
4909
4928
4910
4929
4911
4930
4912
4931
4913
4932
4914
4933
4915
4934
4916
4935
4917
4936
4918
4937
4919
4938
4939
4921
4940
4922
4941
4923
4942
4924
4943
4925
4944
4926
4945
4927
4946
4928
4947
4929
4948
4930
4949
4931
4950
4932
4951
4933
4952
4934
4953
4935
4954
4936
4955
4937
4956
4938
4957
4939
4958
4959
4941
4960
4942
4961
4943
4962
4944
4963
4945
4964
4946
4965
4947
4966
4948
4967
4949
4968
4950
4969
4951
4970
4952
4971
4953
4972
4954
4973
4955
4974
4956
4975
4957
4976
4958
4977
4959
4978
4979
4961
4980
4962
4981
4963
4982
4964
4983
4965
4984
4966
4985
4967
4986
4968
4987
4969
4988
4970
4989
4971
4990
4972
4991
4973
4992
4974
4993
4975
4994
4976
4995
4977
4996
4978
4997
4979
4998
4999
4981
5000
4982
5001
4983
5002
4984
5003
4985
5004
4986
5005
4987
5006
4988
5007
4989
5008
4990
5009
4991
5010
4992
5011
4993
5012
4994
5013
4995
5014
4996
5015
4997
5016
4998
5017
4999
5018
5019
5001
5020
5002
5021
5003
5022
5004
5023
5005
5024
5006
5025
5007
5026
5008
5027
5009
5028
5010
5029
5011
5030
5012
5031
5013
5032
5014
5033
5015
5034
5016
5035
5017
5036
5018
5037
5019
5038
5039
5021
5040
5022
5041
5023
5042
5024
5043
5025
5044
5026
5045
5027
5046
5028
5047
5029
5048
5030
5049
5031
5050
5032
5051
5033
5052
5034
5053
5035
5054
5036
5055
5037
5056
5038
5057
5039
5058
5059
5041
5060
5042
5061
5043
5062
5044
5063
5045
5064
5046
5065
5047
5066
5048
5067
5049
5068
5050
5069
5051
5070
5052
5071
5053
5072
5054
5073
5055
5074
5056
5075
5057
5076
5058
5077
5059
5078
5079
5061
5080
5062
5081
5063
5082
5064
5083
5065
5084
5066
5085
5067
5086
5068
5087
5069
5088
5070
5089
5071
5090
5072
5091
5073
5092
5074
5093
5075
5094
5076
5095
5077
5096
5078
5097
5079
5098
5099
5081
5100
5082
5101
5083
5102
5084
5103
5085
5104
5086
5105
5087
5106
5088
5107
5089
5108
5090
5109
5091
5110
5092
5111
5093
5112
5094
5113
5095
5114
5096
5115
5097
5116
5098
5117
5099
5118
5119
5101
5120
5102
5121
5103
5122
5104
5123
5105
5124
5106
5125
5107
5126
5108
5127
5109
5128
5110
5129
5111
5130
5112
5131
5113
5132
5114
5133
5115
5134
5116
5135
5117
5136
5118
5137
5119
5138
5139
5121
5140
5122
5141
5123
5142
5124
5143
5125
5144
5126
5145
5127
5146
5128
5147
5129
5148
5130
5149
5131
5150
5132
5151
5133
5152
5134
5153
5135
5154
5136
5155
5137
5156
5138
5157
5139
5158
5159
5141
5160
5142
5161
5143
5162
5144
5163
5145
5164
5146
5165
5147
5166
5148
5167
5149
5168
5150
5169
5151
5170
5152
5171
5153
5172
5154
5173
5155
5174
5156
5175
5157
5176
5158
5177
5159
5178
5179
5161
5180
5162
5181
5163
5182
5164
5183
5165
5184
5166
5185
5167
5186
5168
5187
5169
5188
5170
5189
5171
5190
5172
5191
5173
5192
5174
5193
5175
5194
5176
5195
5177
5196
5178
5197
5179
5198
5199
5181
5200
5182
5201
5183
5202
5184
5203
5185
5204
5186
5205
5187
5206
5188
5207
5189
5208
5190
5209
5191
5210
5192
5211
5193
5212
5194
5213
5195
5214
5196
5215
5197
5216
5198
5217
5199
5218
5219
5201
5220
5202
5221
5203
5222
5204
5223
5205
5224
5206
5225
5207
5226
5208
5227
5209
5228
5210
5229
5211
5230
5212
5231
5213
5232
5214
5233
5215
5234
5216
5235
5217
5236
5218
5237
5219
5238
5239
5221
5240
5222
5241
5223
5242
5224
5243
5225
5244
5226
5245
5227
5246
5228
5247
5229
5248
5230
5249
5231
5250
5232
5251
5233
5252
5234
5253
5235
5254
5236
5255
5237
5256
5238
5257
5239
5258
5259
5241
5260
5242
5261
5243
5262
5244
5263
5245
5264
5246
5265
5247
5266
5248
5267
5249
5268
5250
5269
5251
5270
5252
5271
5253
5272
5254
5273
5255
5274
5256
5275
5257
5276
5258
5277
5259
5278
5279
5261
5280
5262
5281
5263
5282
5264
5283
5265
5284
5266
5285
5267
5286
5268
5287
5269
5288
5270
5289
5271
5290
5272
5291
5273
5292
5274
5293
5275
5294
5276
5295
5277
5296
5278
5297
5279
5298
5299
5281
5300
5282
5301
5283
5302
5284
5303
5285
5304
5286
5305
5287
5306
5288
5307
5289
5308
5290
5309
5291
5310
5292
5311
5293
5312
5294
5313
5295
5314
5296
5315
5297
5316
5298
5317
5299
5318
5319
5301
5320
5302
5321
5303
5322
5304
5323
5305
5324
5306
5325
5307
5326
5308
5327
5309
5328
5310
5329
5311
5330
5312
5331
5313
5332
5314
5333
5315
5334
5316
5335
5317
5336
5318
5337
5319
5338
5339
5321
5340
5322
5341
5323
5342
5324
5343
5325
5344
5326
5345
5327
5346
5328
5347
5329
5348
5330
5349
5331
5350
5332
5351
5333
5352
5334
5353
5335
5354
5336
5355
5337
5356
5338
5357
5339
5358
5359
5341
5342
5343
5344
5345
5346
5347
5348
5349
5350
5351
5352
5353
5354
5355
5356
5357
5358
5359
)


// ************************************************************************* //
